version:0.1
textures:
1,small_enemies.png
2,enemy_0001.png
3,pbg_moon.png
5,block.png
6,enemy_bakebake.png
definition_of_enemies:

normal_enemy,1.5,1.5,0
normal_animation,0.02,0,0,0,0
1,20,0.0001,0.0625,0.0625,0.125,-0.24,-0.34,0.48,0.46
1,20,0.0625,0.0625,0.1250,0.125,NO_CHANGE
1,20,0.1250,0.0625,0.1875,0.125,NO_CHANGE

dont_fall_enemy,1.5,1.5,0
normal_animation,0.02,0,0,0,0
1,20,0.1875,0.3125,0.2500,0.3700,-0.24,-0.40,0.48,0.48
1,20,0.2500,0.3125,0.3125,0.3700,NO_CHANGE
1,20,0.3125,0.3125,0.3750,0.3700,NO_CHANGE

flying_goahst,2,2,0
normal_animation,0.03,0,0,0,0
1,20,0.5625,0.0625,0.6250,0.1250,-0.19,-0.10,0.40,0.27
1,20,0.6250,0.0625,0.6875,0.1250,NO_CHANGE
1,20,0.6875,0.0625,0.7500,0.1250,-0.08,-0.14,0.29,0.32

flying_yukkuri,1.5,1.5,0
normal_animation,0.03,0,0,0,0
1,20,0.0001,0.8125,0.0625,0.8750,-0.29,-0.47,0.57,0.61
1,20,0.0625,0.8125,0.1250,0.8750,-0.29,-0.48,0.57,0.59
1,20,0.1250,0.8125,0.1875,0.8750,-0.29,-0.47,0.57,0.61

flying_bakebake,1.5,1.5,0
normal_animation,0.03,0,0,0,0
6,20,0.0001,0.5000,0.2500,0.7500,-0.26,-0.37,0.52,0.64
6,20,0.2500,0.5000,0.5000,0.7500,-0.26,-0.34,0.52,0.64
6,20,0.5000,0.5000,0.7500,0.7500,-0.26,-0.29,0.52,0.64
6,20,0.2500,0.5000,0.5000,0.7500,-0.26,-0.34,0.52,0.64

bounding_yukkuri,1.5,1.5,0
normal_animation,0.03,0.2,0,0,0
1,100000000000,0.0001,0.5625,0.0625,0.625,-0.29,-0.47,0.57,0.64

bounding_kedama,1,1,0
normal_animation,0.03,0.2,0,0,0
2,15,0.001,0.251,0.249,0.499,-0.34,-0.36,0.67,0.70
2,15,0.251,0.251,0.499,0.499,NO_CHANGE
2,15,0.501,0.251,0.749,0.499,NO_CHANGE
2,15,0.751,0.251,0.999,0.499,NO_CHANGE


normal_yukkuri,1.5,1.5,0
normal_animation,0.03,0,0,0,0
1,20,0.0001,0.8125,0.0625,0.8750,-0.29,-0.47,0.57,0.61
1,20,0.0625,0.8125,0.1250,0.8750,-0.29,-0.48,0.57,0.59
1,20,0.115,0.8125,0.1875,0.8750,-0.29,-0.47,0.57,0.61

block1,XFILE,1,1,5
normal_animation
block1.smf,-0.5,-0.5,1,1

broken_block,1,1,1
normal_animation
5,100000000000,0.500,0.000,0.625,0.125,-0.5,-0.5,1,1

hard_block,1,1,1
normal_animation
5,100000000000,0.375,0.000,0.500,0.125,-0.5,-0.5,1,1


flying_enemy,1,1,0
normal_animation,0.02,0,0,0,0
2,15,0.001,0.251,0.249,0.499,-0.5,-0.5,1,1,0.02,0.02,0,0,0
2,15,0.251,0.251,0.499,0.499,NO_CHANGE
2,15,0.501,0.251,0.749,0.499,NO_CHANGE
2,15,0.751,0.251,0.999,0.499,NO_CHANGE
2,15,0.001,0.251,0.249,0.499,NO_CHANGE,0.02,-0.02,0,0,0
2,15,0.251,0.251,0.499,0.499,NO_CHANGE
2,15,0.501,0.251,0.749,0.499,NO_CHANGE
2,15,0.751,0.251,0.999,0.499,NO_CHANGE

goal,1,1,0
normal_animation
5,100000000000,0.626,0.001,0.749,0.124,-0.5,-0.5,1,1

center_block,XFILE,1,1,5
normal_animation
floor1_another.smf,-0.5,-0.5,1,1

left_block,XFILE,1,1,5
normal_animation
floor2_another.smf,-0.5,-0.5,1,1

right_block,XFILE,1,1,5
normal_animation
floor3_another.smf,-0.5,-0.5,1,1

hahen,XFILE,1,1,1
normal_animation
hahen.smf,-0.5,-0.5,1,1

heart_item,1,1,0
normal_animation
5,100000000000,0.126,0.126,0.249,0.249,-0.5,-0.5,1,1

item_block,1,1,1
normal_animation
5,100000000000,0.876,0.001,0.999,0.124,-0.5,-0.5,1,1

to_clear_point_item,1,1,0
normal_animation,0,0.1,0,0,0
5,12,0.001,0.126,0.124,0.249,-0.234375,-0.25,0.5,0.5

point_item,1,1,0
normal_animation
5,100000000000,0.001,0.126,0.124,0.249,-0.234375,-0.25,0.5,0.5

koumei_block,1,1,1
normal_animation
5,100000000000,0.998,0.998,0.999,0.999,-0.5,-0.5,1,1

one_up_item,1,1,0
normal_animation
5,100000000000,0.625,0.125,0.750,0.250,-0.5,-0.5,1,1

background,30,30,0
normal_animation
3,100000000000,0.0001,0.0001,0.9999,0.9999,-0.5,-0.5,1,1
