version:0.1
textures:
1,character_0001.png

no_enemy_mode:
period:120
blink_period:3

definition_of_udonge:
udonge,2,2,0

stand
1,15000,0.875,0.875,1.0,1.0,-0.17,-0.50,0.37,0.75

run
1,4,0.875,0.0,1.000,0.125,-0.140,-0.50,0.370,0.75
1,4,0.750,0.0,0.875,0.125,NO_CHANGE
1,4,0.625,0.0,0.750,0.125,NO_CHANGE
1,4,0.500,0.0,0.625,0.125,NO_CHANGE
1,4,0.375,0.0,0.500,0.125,NO_CHANGE
1,4,0.250,0.0,0.375,0.125,NO_CHANGE

walk
1,7,0.875,0.0,1.000,0.125,-0.140,-0.50,0.370,0.75
1,7,0.750,0.0,0.875,0.125,NO_CHANGE
1,7,0.625,0.0,0.750,0.125,NO_CHANGE
1,7,0.500,0.0,0.625,0.125,NO_CHANGE
1,7,0.375,0.0,0.500,0.125,NO_CHANGE
1,7,0.250,0.0,0.375,0.125,NO_CHANGE


sit_down
1,1000000,0.750,0.750,0.875,0.875,-0.170,-0.50,0.370,0.50

jump
1,1000000,0.75,0.875,0.875,1.0,-0.140,-0.50,0.370,0.78

game_over
1,108,0.5,0.875,0.625,1.0,-0.265625,-0.5,0.515625,0.96875
1,90,0.5,0.875,0.625,1.0,-0.265625,-0.5,0.515625,0.96875,0,0.1,0,GRAVITY,2

reduce_hp
1,45,0.5,0.875,0.625,1.0,-0.265625,-0.5,0.515625,0.96875,-0.05,0,0,0,0

shooting_gun
1,4,0.875,0.125,1.0,0.250,-0.18,-0.50,0.37,0.750
1,4,0.750,0.125,0.875,0.250,NO_CHANGE
1,2,0.625,0.125,0.750,0.250,NO_CHANGE
